0.0, 0.0, 0.0
0.0154838709677, 0.0, 0.0
0.0452009157128, 0.0, 0.0
0.0879894735887, 0.0, 0.0
0.142770696919, 0.0, 0.0
0.208542761199, 0.0, 0.0
0.268891607876, 0.0, 0.0
0.325455069861, 0.0, 0.0
0.379653847509, 0.0, 0.0
0.432714002899, 0.0, 0.0
0.485687371487, 0.0, 0.0
0.539470072161, 0.0, 0.0
0.593568584414, 0.0, 0.0
0.647656720892, 0.0, 0.0
0.701546222568, 0.0, 0.0
0.755161248371, 0.0, 0.0
0.808516316661, 0.0, 0.0
0.861697301674, 0.0, 0.0
0.914744105343, 0.0, 0.0
0.967667438307, 0.0, 0.0
1.02046203544, 0.0, 0.0
1.07311687271, 0.0, 0.0
1.12562287642, 0.0, 0.0
1.17797854915, 0.0, 0.0
1.23018571795, 0.0, 0.0
1.28224693993, 0.0, 0.0
1.33416415973, 0.0, 0.0
1.38593828781, 0.0, 0.0
1.43756943142, 0.0, 0.0
1.48905756378, 0.0, 0.0
1.54040280214, 0.0, 0.0
1.59160545659, 0.0, 0.0
1.64266596687, 0.0, 0.0
1.69358480966, 0.0, 0.0
1.74436243107, 0.0, 0.0
1.79499923797, 0.0, 0.0
1.84549561247, 0.0, 0.0
1.89585192924, 0.0, 0.0
1.94606856656, 0.0, 0.0
1.99614590902, 0.0, 0.0
2.04608434465, 0.0, 0.0
2.09588426151, 0.0, 0.0
2.14554604571, 0.0, 0.0
2.19507008094, 0.0, 0.0
2.24445674897, 0.0, 0.0
2.2937064303, 0.0, 0.0
2.34281950456, 0.0, 0.0
2.39179635055, 0.0, 0.0
2.44063734621, 0.0, 0.0
2.48934286843, 0.0, 0.0
2.53791329307, 0.0, 0.0
2.58634899486, 0.0, 0.0
2.6346503475, 0.0, 0.0
2.6828177236, 0.0, 0.0
2.73085149478, 0.0, 0.0
2.77875203162, 0.0, 0.0
2.82651970369, 0.0, 0.0
2.87415487953, 0.0, 0.0
2.92165792664, 0.0, 0.0
2.96902921153, 0.0, 0.0
3.01626909967, 0.0, 0.0
3.06337795553, 0.0, 0.0
3.11035614255, 0.0, 0.0
3.15720402319, 0.0, 0.0
3.20392195887, 0.0, 0.0
3.25051031004, 0.0, 0.0
3.29696943613, 0.0, 0.0
3.34329969559, 0.0, 0.0
3.38950144586, 0.0, 0.0
3.43557504339, 0.0, 0.0
3.48152084365, 0.0, 0.0
3.52733920112, 0.0, 0.0
3.57303046929, 0.0, 0.0
3.61859500068, 0.0, 0.0
3.66403314683, 0.0, 0.0
3.7093452583, 0.0, 0.0
3.75453168468, 0.0, 0.0
3.7995927746, 0.0, 0.0
3.8445288757, 0.0, 0.0
3.88934033467, 0.0, 0.0
3.93402749725, 0.0, 0.0
3.9785907082, 0.0, 0.0
4.02303031133, 0.0, 0.0
4.06734664951, 0.0, 0.0
4.11154006463, 0.0, 0.0
4.15561089767, 0.0, 0.0
4.19955948863, 0.0, 0.0
4.24338617659, 0.0, 0.0
4.28709129967, 0.0, 0.0
4.33067519507, 0.0, 0.0
4.37413819904, 0.0, 0.0
4.41748064691, 0.0, 0.0
4.46070287307, 0.0, 0.0
4.50380521099, 0.0, 0.0
4.54678799322, 0.0, 0.0
4.58965155136, 0.0, 0.0
4.63239621612, 0.0, 0.0
4.67502231729, 0.0, 0.0
4.71753018372, 0.0, 0.0
4.75992014338, 0.0, 0.0
4.8021925233, 0.0, 0.0
4.84434764964, 0.0, 0.0
4.88638584761, 0.0, 0.0
4.92830744156, 0.0, 0.0
4.97011275492, 0.0, 0.0
5.01180211021, 0.0, 0.0
5.05337582909, 0.0, 0.0
5.09483423229, 0.0, 0.0
5.13617763969, 0.0, 0.0
5.17740637024, 0.0, 0.0
5.21852074203, 0.0, 0.0
5.25952107228, 0.0, 0.0
5.30040767729, 0.0, 0.0
5.34118087253, 0.0, 0.0
5.38184097256, 0.0, 0.0
5.42238829108, 0.0, 0.0
5.46282314092, 0.0, 0.0
5.50314583405, 0.0, 0.0
5.54335668155, 0.0, 0.0
5.58345599367, 0.0, 0.0
5.62344407976, 0.0, 0.0
5.66332124836, 0.0, 0.0
5.70308780712, 0.0, 0.0
5.74274406284, 0.0, 0.0
5.78229032148, 0.0, 0.0
5.82172688814, 0.0, 0.0
5.86105406709, 0.0, 0.0
5.90027216174, 0.0, 0.0
5.93938147466, 0.0, 0.0
5.97838230758, 0.0, 0.0
6.01727496142, 0.0, 0.0
6.05605973622, 0.0, 0.0
6.09473693123, 0.0, 0.0
6.13330684483, 0.0, 0.0
6.17176977461, 0.0, 0.0
6.21012601732, 0.0, 0.0
6.24837586887, 0.0, 0.0
6.28651962437, 0.0, 0.0
6.32455757811, 0.0, 0.0
6.36249002355, 0.0, 0.0
6.40031725336, 0.0, 0.0
6.43803955937, 0.0, 0.0
6.47565723261, 0.0, 0.0
6.51317056332, 0.0, 0.0
6.55057984092, 0.0, 0.0
6.58788535402, 0.0, 0.0
6.62508739044, 0.0, 0.0
6.66218623721, 0.0, 0.0
6.69918218054, 0.0, 0.0
6.73607550587, 0.0, 0.0
6.77286649784, 0.0, 0.0
6.80955544028, 0.0, 0.0
6.84614261628, 0.0, 0.0
6.88262830809, 0.0, 0.0
6.91901279721, 0.0, 0.0
6.95529636436, 0.0, 0.0
6.99147928947, 0.0, 0.0
7.0275618517, 0.0, 0.0
7.06354432942, 0.0, 0.0
7.09942700026, 0.0, 0.0
7.13521014105, 0.0, 0.0
7.17089402786, 0.0, 0.0
7.206478936, 0.0, 0.0
7.24196514001, 0.0, 0.0
7.27735291369, 0.0, 0.0
7.31264253004, 0.0, 0.0
7.34783426133, 0.0, 0.0
7.38292837908, 0.0, 0.0
7.41792515404, 0.0, 0.0
7.45282485622, 0.0, 0.0
7.48762775487, 0.0, 0.0
7.52233411851, 0.0, 0.0
7.55694421489, 0.0, 0.0
7.59145831105, 0.0, 0.0
7.62587667326, 0.0, 0.0
7.66019956706, 0.0, 0.0
7.69442725727, 0.0, 0.0
7.72856000796, 0.0, 0.0
7.76259808246, 0.0, 0.0
7.79654174339, 0.0, 0.0
7.83039125263, 0.0, 0.0
7.86414687132, 0.0, 0.0
7.89780885991, 0.0, 0.0
7.93137747809, 0.0, 0.0
7.96485298486, 0.0, 0.0
7.99823563849, 0.0, 0.0
8.03152569652, 0.0, 0.0
8.06472341581, 0.0, 0.0
8.09782905246, 0.0, 0.0
8.1308428619, 0.0, 0.0
8.16376509883, 0.0, 0.0
8.19659601726, 0.0, 0.0
8.22933587049, 0.0, 0.0
8.26198491109, 0.0, 0.0
8.29454339097, 0.0, 0.0
8.32701156133, 0.0, 0.0
8.35938967265, 0.0, 0.0
8.39167797474, 0.0, 0.0
8.42387671672, 0.0, 0.0
8.45598614699, 0.0, 0.0
8.48800651329, 0.0, 0.0
8.51993806266, 0.0, 0.0
8.55178104146, 0.0, 0.0
8.58353569537, 0.0, 0.0
8.61520226936, 0.0, 0.0
8.64678100777, 0.0, 0.0
8.67827215422, 0.0, 0.0
8.70967595166, 0.0, 0.0
8.7409926424, 0.0, 0.0
8.77222246804, 0.0, 0.0
8.80336566952, 0.0, 0.0
8.83442248712, 0.0, 0.0
8.86539316045, 0.0, 0.0
8.89627792844, 0.0, 0.0
8.9270770294, 0.0, 0.0
8.95779070092, 0.0, 0.0
8.98841917998, 0.0, 0.0
9.01896270287, 0.0, 0.0
9.04942150525, 0.0, 0.0
9.07979582211, 0.0, 0.0
9.1100858878, 0.0, 0.0
9.140291936, 0.0, 0.0
9.17041419976, 0.0, 0.0
9.20045291148, 0.0, 0.0
9.23040830291, 0.0, 0.0
9.26028060516, 0.0, 0.0
9.29007004871, 0.0, 0.0
9.31977686338, 0.0, 0.0
9.34940127837, 0.0, 0.0
9.37894352223, 0.0, 0.0
9.40840382289, 0.0, 0.0
9.43778240764, 0.0, 0.0
9.46707950314, 0.0, 0.0
9.49629533541, 0.0, 0.0
9.52543012988, 0.0, 0.0
9.55448411131, 0.0, 0.0
9.58345750385, 0.0, 0.0
9.61235053106, 0.0, 0.0
9.64116341584, 0.0, 0.0
9.66989638048, 0.0, 0.0
9.69854964667, 0.0, 0.0
9.72712343547, 0.0, 0.0
9.75561796733, 0.0, 0.0
9.7840334621, 0.0, 0.0
9.812370139, 0.0, 0.0
9.84062821665, 0.0, 0.0
9.86880791308, 0.0, 0.0
9.89690944568, 0.0, 0.0
9.92493303128, 0.0, 0.0
9.95287888607, 0.0, 0.0
9.98074722566, 0.0, 0.0
10.0085382651, 0.0, 0.0
10.0362522187, 0.0, 0.0
10.0638893004, 0.0, 0.0
10.0914497233, 0.0, 0.0
10.1189337002, 0.0, 0.0
10.1463414429, 0.0, 0.0
10.1736731631, 0.0, 0.0
10.2009290716, 0.0, 0.0
10.2281093786, 0.0, 0.0
10.2552142938, 0.0, 0.0
10.2822440264, 0.0, 0.0
10.309198785, 0.0, 0.0
10.3360787774, 0.0, 0.0
10.362884211, 0.0, 0.0
10.3896152928, 0.0, 0.0
10.4162722288, 0.0, 0.0
10.4428552247, 0.0, 0.0
10.4693644858, 0.0, 0.0
10.4958002164, 0.0, 0.0
10.5221626205, 0.0, 0.0
10.5484519015, 0.0, 0.0
10.5746682623, 0.0, 0.0
10.6008119052, 0.0, 0.0
10.6268830317, 0.0, 0.0
10.6528818431, 0.0, 0.0
10.6788085399, 0.0, 0.0
10.7046633222, 0.0, 0.0
10.7304463894, 0.0, 0.0
10.7561579405, 0.0, 0.0
10.7817981738, 0.0, 0.0
10.8073672872, 0.0, 0.0
10.8328654779, 0.0, 0.0
10.8582929427, 0.0, 0.0
10.8836498776, 0.0, 0.0
10.9089364785, 0.0, 0.0
10.9341529402, 0.0, 0.0
10.9592994575, 0.0, 0.0
10.9843762243, 0.0, 0.0
11.009383434, 0.0, 0.0
11.0343212797, 0.0, 0.0
11.0591899536, 0.0, 0.0
11.0839896478, 0.0, 0.0
11.1087205534, 0.0, 0.0
11.1333828614, 0.0, 0.0
11.1579767619, 0.0, 0.0
11.1825024448, 0.0, 0.0
11.2069600993, 0.0, 0.0
11.2313499139, 0.0, 0.0
11.255672077, 0.0, 0.0
11.2799267762, 0.0, 0.0
11.3041141986, 0.0, 0.0
11.3282345307, 0.0, 0.0
11.3522879588, 0.0, 0.0
11.3762746683, 0.0, 0.0
11.4001948444, 0.0, 0.0
11.4240486716, 0.0, 0.0
11.4478363339, 0.0, 0.0
11.4715580148, 0.0, 0.0
11.4952138974, 0.0, 0.0
11.5188041641, 0.0, 0.0
11.5423289971, 0.0, 0.0
11.5657885777, 0.0, 0.0
11.589183087, 0.0, 0.0
11.6125127054, 0.0, 0.0
11.635777613, 0.0, 0.0
11.6589779892, 0.0, 0.0
11.6821140131, 0.0, 0.0
11.7051858631, 0.0, 0.0
11.7281937173, 0.0, 0.0
11.7511377531, 0.0, 0.0
11.7740181475, 0.0, 0.0
11.7968350772, 0.0, 0.0
11.8195887181, 0.0, 0.0
11.8422792458, 0.0, 0.0
11.8649068353, 0.0, 0.0
11.8874716612, 0.0, 0.0
11.9099738976, 0.0, 0.0
11.9324137182, 0.0, 0.0
11.9547912959, 0.0, 0.0
11.9771068036, 0.0, 0.0
11.9993604133, 0.0, 0.0
12.0215522968, 0.0, 0.0
12.0436826252, 0.0, 0.0
12.0657515694, 0.0, 0.0
12.0877592995, 0.0, 0.0
12.1097059853, 0.0, 0.0
12.1315917963, 0.0, 0.0
12.1534169011, 0.0, 0.0
12.1751814683, 0.0, 0.0
12.1968856657, 0.0, 0.0
12.2185296608, 0.0, 0.0
12.2401136206, 0.0, 0.0
12.2616377116, 0.0, 0.0
12.2831020998, 0.0, 0.0
12.3045069509, 0.0, 0.0
12.32585243, 0.0, 0.0
12.3471387017, 0.0, 0.0
12.3683659304, 0.0, 0.0
12.3895342798, 0.0, 0.0
12.4106439132, 0.0, 0.0
12.4316949934, 0.0, 0.0
12.4526876829, 0.0, 0.0
12.4736221437, 0.0, 0.0
12.4944985372, 0.0, 0.0
12.5153170245, 0.0, 0.0
12.5360777663, 0.0, 0.0
12.5567809227, 0.0, 0.0
12.5774266534, 0.0, 0.0
12.5980151177, 0.0, 0.0
12.6185464745, 0.0, 0.0
12.6390208822, 0.0, 0.0
12.6594384987, 0.0, 0.0
12.6797994815, 0.0, 0.0
12.7001039878, 0.0, 0.0
12.7203521742, 0.0, 0.0
12.7405441969, 0.0, 0.0
12.7606802117, 0.0, 0.0
12.780760374, 0.0, 0.0
12.8007848386, 0.0, 0.0
12.8207537602, 0.0, 0.0
12.8406672926, 0.0, 0.0
12.8605255896, 0.0, 0.0
12.8803288044, 0.0, 0.0
12.9000770897, 0.0, 0.0
12.919770598, 0.0, 0.0
12.9394094811, 0.0, 0.0
12.9589938907, 0.0, 0.0
12.9785239776, 0.0, 0.0
12.9979998928, 0.0, 0.0
13.0174217863, 0.0, 0.0
13.0367898082, 0.0, 0.0
13.0561041077, 0.0, 0.0
13.0753648339, 0.0, 0.0
13.0945721353, 0.0, 0.0
13.1137261603, 0.0, 0.0
13.1328270566, 0.0, 0.0
13.1518749714, 0.0, 0.0
13.1708700519, 0.0, 0.0
13.1898124445, 0.0, 0.0
13.2087022953, 0.0, 0.0
13.2275397502, 0.0, 0.0
13.2463249545, 0.0, 0.0
13.265058053, 0.0, 0.0
13.2837391903, 0.0, 0.0
13.3023685106, 0.0, 0.0
13.3209461575, 0.0, 0.0
13.3394722745, 0.0, 0.0
13.3579470043, 0.0, 0.0
13.3763704897, 0.0, 0.0
13.3947428726, 0.0, 0.0
13.4130642949, 0.0, 0.0
13.4313348979, 0.0, 0.0
13.4495548226, 0.0, 0.0
13.4677242095, 0.0, 0.0
13.4858431988, 0.0, 0.0
13.5039119303, 0.0, 0.0
13.5219305434, 0.0, 0.0
13.5398991772, 0.0, 0.0
13.5578179702, 0.0, 0.0
13.5756870607, 0.0, 0.0
13.5935065865, 0.0, 0.0
13.6112766853, 0.0, 0.0
13.6289974939, 0.0, 0.0
13.6466691493, 0.0, 0.0
13.6642917876, 0.0, 0.0
13.6818655449, 0.0, 0.0
13.6993905568, 0.0, 0.0
13.7168669584, 0.0, 0.0
13.7342948846, 0.0, 0.0
13.7516744698, 0.0, 0.0
13.7690058482, 0.0, 0.0
13.7862891535, 0.0, 0.0
13.8035245189, 0.0, 0.0
13.8207120775, 0.0, 0.0
13.8378519619, 0.0, 0.0
13.8549443043, 0.0, 0.0
13.8719892366, 0.0, 0.0
13.8889868902, 0.0, 0.0
13.9059373964, 0.0, 0.0
13.9228408859, 0.0, 0.0
13.9396974891, 0.0, 0.0
13.9565073361, 0.0, 0.0
13.9732705565, 0.0, 0.0
13.9899872797, 0.0, 0.0
14.0066576347, 0.0, 0.0
14.02328175, 0.0, 0.0
14.039859754, 0.0, 0.0
14.0563917746, 0.0, 0.0
14.0728779392, 0.0, 0.0
14.089318375, 0.0, 0.0
14.105713209, 0.0, 0.0
14.1220625676, 0.0, 0.0
14.138366577, 0.0, 0.0
14.1546253628, 0.0, 0.0
14.1708390507, 0.0, 0.0
14.1870077656, 0.0, 0.0
14.2031316323, 0.0, 0.0
14.2192107752, 0.0, 0.0
14.2352453184, 0.0, 0.0
14.2512353855, 0.0, 0.0
14.2671811, 0.0, 0.0
14.2830825848, 0.0, 0.0
14.2989399627, 0.0, 0.0
14.3147533559, 0.0, 0.0
14.3305228865, 0.0, 0.0
14.3462486762, 0.0, 0.0
14.3619308463, 0.0, 0.0
14.3775695177, 0.0, 0.0
14.3931648111, 0.0, 0.0
14.4087168469, 0.0, 0.0
14.424225745, 0.0, 0.0
14.4396916251, 0.0, 0.0
14.4551146065, 0.0, 0.0
14.4704948082, 0.0, 0.0
14.4858323489, 0.0, 0.0
14.5011273468, 0.0, 0.0
14.51637992, 0.0, 0.0
14.5315901862, 0.0, 0.0
14.5467582627, 0.0, 0.0
14.5618842666, 0.0, 0.0
14.5769683145, 0.0, 0.0
14.5920105228, 0.0, 0.0
14.6070110075, 0.0, 0.0
14.6219698845, 0.0, 0.0
14.6368872691, 0.0, 0.0
14.6517632764, 0.0, 0.0
14.6665980211, 0.0, 0.0
14.6813916178, 0.0, 0.0
14.6961441806, 0.0, 0.0
14.7108558232, 0.0, 0.0
14.7255266592, 0.0, 0.0
14.7401568017, 0.0, 0.0
14.7547463637, 0.0, 0.0
14.7692954577, 0.0, 0.0
14.783804196, 0.0, 0.0
14.7982726904, 0.0, 0.0
14.8127010527, 0.0, 0.0
14.8270893941, 0.0, 0.0
14.8414378256, 0.0, 0.0
14.855746458, 0.0, 0.0
14.8700154016, 0.0, 0.0
14.8842447666, 0.0, 0.0
14.8984346626, 0.0, 0.0
14.9125851992, 0.0, 0.0
14.9266964856, 0.0, 0.0
14.9407686306, 0.0, 0.0
14.9548017428, 0.0, 0.0
14.9687959305, 0.0, 0.0
14.9827513016, 0.0, 0.0
14.9966679638, 0.0, 0.0
15.0105460244, 0.0, 0.0
15.0243855906, 0.0, 0.0
15.0381867692, 0.0, 0.0
15.0519496665, 0.0, 0.0
15.0656743887, 0.0, 0.0
15.0793610419, 0.0, 0.0
15.0930097315, 0.0, 0.0
15.1066205629, 0.0, 0.0
15.120193641, 0.0, 0.0
15.1337290706, 0.0, 0.0
15.1472269562, 0.0, 0.0
15.1606874018, 0.0, 0.0
15.1741105113, 0.0, 0.0
15.1874963882, 0.0, 0.0
15.2008451359, 0.0, 0.0
15.2141568574, 0.0, 0.0
15.2274316552, 0.0, 0.0
15.240669632, 0.0, 0.0
15.2538708897, 0.0, 0.0
15.2670355302, 0.0, 0.0
15.2801636551, 0.0, 0.0
15.2932553657, 0.0, 0.0
15.306310763, 0.0, 0.0
15.3193299477, 0.0, 0.0
15.3323130203, 0.0, 0.0
15.3452600809, 0.0, 0.0
15.3581712294, 0.0, 0.0
15.3710465654, 0.0, 0.0
15.3838861883, 0.0, 0.0
15.3966901972, 0.0, 0.0
15.4094586907, 0.0, 0.0
15.4221917674, 0.0, 0.0
15.4348895256, 0.0, 0.0
15.4475520632, 0.0, 0.0
15.4601794779, 0.0, 0.0
15.4727718672, 0.0, 0.0
15.4853293282, 0.0, 0.0
15.4978519577, 0.0, 0.0
15.5103398524, 0.0, 0.0
15.5227931086, 0.0, 0.0
15.5352118225, 0.0, 0.0
15.5475960897, 0.0, 0.0
15.559946006, 0.0, 0.0
15.5722616664, 0.0, 0.0
15.5845431662, 0.0, 0.0
15.5967906, 0.0, 0.0
15.6090040623, 0.0, 0.0
15.6211836473, 0.0, 0.0
15.6333294491, 0.0, 0.0
15.6454415612, 0.0, 0.0
15.6575200772, 0.0, 0.0
15.6695650903, 0.0, 0.0
15.6815766934, 0.0, 0.0
15.6935549791, 0.0, 0.0
15.7055000398, 0.0, 0.0
15.7174119678, 0.0, 0.0
15.729290855, 0.0, 0.0
15.7411367929, 0.0, 0.0
15.7529498729, 0.0, 0.0
15.7647301863, 0.0, 0.0
15.7764778239, 0.0, 0.0
15.7881928763, 0.0, 0.0
15.7998754339, 0.0, 0.0
15.8115255868, 0.0, 0.0
15.823143425, 0.0, 0.0
15.8347290381, 0.0, 0.0
15.8462825154, 0.0, 0.0
15.857803946, 0.0, 0.0
15.869293419, 0.0, 0.0
15.8807510229, 0.0, 0.0
15.892176846, 0.0, 0.0
15.9035709767, 0.0, 0.0
15.9149335027, 0.0, 0.0
15.9262645118, 0.0, 0.0
15.9375640913, 0.0, 0.0
15.9488323285, 0.0, 0.0
15.9600693102, 0.0, 0.0
15.9712751232, 0.0, 0.0
15.9824498539, 0.0, 0.0
15.9935935886, 0.0, 0.0
16.0047064132, 0.0, 0.0
16.0157884134, 0.0, 0.0
16.0268396748, 0.0, 0.0
16.0378602826, 0.0, 0.0
16.0488503218, 0.0, 0.0
16.0598098772, 0.0, 0.0
16.0707390335, 0.0, 0.0
16.0816378748, 0.0, 0.0
16.0925064854, 0.0, 0.0
16.1033449489, 0.0, 0.0
16.1141533492, 0.0, 0.0
16.1249317695, 0.0, 0.0
16.135680293, 0.0, 0.0
16.1463990026, 0.0, 0.0
16.1570879811, 0.0, 0.0
16.1677473108, 0.0, 0.0
16.1783770741, 0.0, 0.0
16.188977353, 0.0, 0.0
16.1995482292, 0.0, 0.0
16.2100897843, 0.0, 0.0
16.2206020996, 0.0, 0.0
16.2310852562, 0.0, 0.0
16.241539335, 0.0, 0.0
16.2519644167, 0.0, 0.0
16.2623605816, 0.0, 0.0
16.2727279101, 0.0, 0.0
16.283066482, 0.0, 0.0
16.2933763772, 0.0, 0.0
16.3036576751, 0.0, 0.0
16.3139104552, 0.0, 0.0
16.3241347965, 0.0, 0.0
16.3343307779, 0.0, 0.0
16.344498478, 0.0, 0.0
16.3546379754, 0.0, 0.0
16.3647493481, 0.0, 0.0
16.3748326743, 0.0, 0.0
16.3848880318, 0.0, 0.0
16.394915498, 0.0, 0.0
16.4049151505, 0.0, 0.0
16.4148870663, 0.0, 0.0
16.4248313223, 0.0, 0.0
16.4347479953, 0.0, 0.0
16.4446371618, 0.0, 0.0
16.4544988981, 0.0, 0.0
16.4643332803, 0.0, 0.0
16.4741403842, 0.0, 0.0
16.4839202855, 0.0, 0.0
16.4936730597, 0.0, 0.0
16.503398782, 0.0, 0.0
16.5130975275, 0.0, 0.0
16.5227693709, 0.0, 0.0
16.5324143869, 0.0, 0.0
16.5420326499, 0.0, 0.0
16.5516242341, 0.0, 0.0
16.5611892136, 0.0, 0.0
16.570727662, 0.0, 0.0
16.5802396531, 0.0, 0.0
16.5897252601, 0.0, 0.0
16.5991845563, 0.0, 0.0
16.6086176147, 0.0, 0.0
16.6180245079, 0.0, 0.0
16.6274053087, 0.0, 0.0
16.6367600893, 0.0, 0.0
16.646088922, 0.0, 0.0
16.6553918788, 0.0, 0.0
16.6646690313, 0.0, 0.0
16.6739204512, 0.0, 0.0
16.6831462098, 0.0, 0.0
16.6923463784, 0.0, 0.0
16.7015210278, 0.0, 0.0
16.710670229, 0.0, 0.0
16.7197940524, 0.0, 0.0
16.7288925685, 0.0, 0.0
16.7379658475, 0.0, 0.0
16.7470139594, 0.0, 0.0
16.7560369739, 0.0, 0.0
16.7650349607, 0.0, 0.0
16.7740079892, 0.0, 0.0
16.7829561287, 0.0, 0.0
16.7918794481, 0.0, 0.0
16.8007780164, 0.0, 0.0
16.8096519021, 0.0, 0.0
16.8185011738, 0.0, 0.0
16.8273258996, 0.0, 0.0
16.8361261478, 0.0, 0.0
16.8449019862, 0.0, 0.0
16.8536534824, 0.0, 0.0
16.8623807041, 0.0, 0.0
16.8710837186, 0.0, 0.0
16.8797625929, 0.0, 0.0
16.8884173941, 0.0, 0.0
16.8970481889, 0.0, 0.0
16.9056550439, 0.0, 0.0
16.9142380255, 0.0, 0.0
16.9227972, 0.0, 0.0
16.9313326334, 0.0, 0.0
16.9398443914, 0.0, 0.0
16.9483325399, 0.0, 0.0
16.9567971443, 0.0, 0.0
16.9652382698, 0.0, 0.0
16.9736559817, 0.0, 0.0
16.9820503448, 0.0, 0.0
16.9904214239, 0.0, 0.0
16.9987692836, 0.0, 0.0
17.0070939884, 0.0, 0.0
17.0153956024, 0.0, 0.0
17.0236741896, 0.0, 0.0
17.031929814, 0.0, 0.0
17.0401625393, 0.0, 0.0
17.0483724289, 0.0, 0.0
17.0565595463, 0.0, 0.0
17.0647239545, 0.0, 0.0
17.0728657166, 0.0, 0.0
17.0809848953, 0.0, 0.0
17.0890815534, 0.0, 0.0
17.0971557532, 0.0, 0.0
17.1052075572, 0.0, 0.0
17.1132370273, 0.0, 0.0
17.1212442256, 0.0, 0.0
17.1292292138, 0.0, 0.0
17.1371920535, 0.0, 0.0
17.1451328062, 0.0, 0.0
17.1530515331, 0.0, 0.0
17.1609482954, 0.0, 0.0
17.1688231539, 0.0, 0.0
17.1766761694, 0.0, 0.0
17.1845074024, 0.0, 0.0
17.1923169135, 0.0, 0.0
17.2001047629, 0.0, 0.0
17.2078710106, 0.0, 0.0
17.2156157166, 0.0, 0.0
17.2233389406, 0.0, 0.0
17.2310407421, 0.0, 0.0
17.2387211808, 0.0, 0.0
17.2463803156, 0.0, 0.0
17.2540182059, 0.0, 0.0
17.2616349105, 0.0, 0.0
17.2692304881, 0.0, 0.0
17.2768049974, 0.0, 0.0
17.2843584967, 0.0, 0.0
17.2918910445, 0.0, 0.0
17.2994026987, 0.0, 0.0
17.3068935174, 0.0, 0.0
17.3143635584, 0.0, 0.0
17.3218128792, 0.0, 0.0
17.3292415373, 0.0, 0.0
17.3366495902, 0.0, 0.0
17.3440370948, 0.0, 0.0
17.3514041082, 0.0, 0.0
17.3587506873, 0.0, 0.0
17.3660768887, 0.0, 0.0
17.3733827689, 0.0, 0.0
17.3806683844, 0.0, 0.0
17.3879337913, 0.0, 0.0
17.3951790457, 0.0, 0.0
17.4024042034, 0.0, 0.0
17.4096093203, 0.0, 0.0
17.4167944519, 0.0, 0.0
17.4239596536, 0.0, 0.0
17.4311049807, 0.0, 0.0
17.4382304884, 0.0, 0.0
17.4453362316, 0.0, 0.0
17.4524222652, 0.0, 0.0
17.4594886438, 0.0, 0.0
17.4665354219, 0.0, 0.0
17.4735626539, 0.0, 0.0
17.480570394, 0.0, 0.0
17.4875586964, 0.0, 0.0
17.4945276148, 0.0, 0.0
17.5014772031, 0.0, 0.0
17.5084075149, 0.0, 0.0
17.5153186036, 0.0, 0.0
17.5222105226, 0.0, 0.0
17.5290833251, 0.0, 0.0
17.535937064, 0.0, 0.0
17.5427717922, 0.0, 0.0
17.5495875626, 0.0, 0.0
17.5563844276, 0.0, 0.0
17.5631624397, 0.0, 0.0
17.5699216512, 0.0, 0.0
17.5766621143, 0.0, 0.0
17.5833838809, 0.0, 0.0
17.5900870029, 0.0, 0.0
17.596771532, 0.0, 0.0
17.6034375199, 0.0, 0.0
17.6100850178, 0.0, 0.0
17.6167140772, 0.0, 0.0
17.6233247491, 0.0, 0.0
17.6299170846, 0.0, 0.0
17.6364911345, 0.0, 0.0
17.6430469495, 0.0, 0.0
17.6495845803, 0.0, 0.0
17.6561040772, 0.0, 0.0
17.6626054906, 0.0, 0.0
17.6690888705, 0.0, 0.0
17.6755542672, 0.0, 0.0
17.6820017303, 0.0, 0.0
17.6884313097, 0.0, 0.0
17.694843055, 0.0, 0.0
17.7012370156, 0.0, 0.0
17.7076132408, 0.0, 0.0
17.71397178, 0.0, 0.0
17.720312682, 0.0, 0.0
17.7266359959, 0.0, 0.0
17.7329417704, 0.0, 0.0
17.7392300542, 0.0, 0.0
17.7455008957, 0.0, 0.0
17.7517543434, 0.0, 0.0
17.7579904456, 0.0, 0.0
17.7642092502, 0.0, 0.0
17.7704108054, 0.0, 0.0
17.7765951589, 0.0, 0.0
17.7827623585, 0.0, 0.0
17.7889124517, 0.0, 0.0
17.7950454861, 0.0, 0.0
17.8011615088, 0.0, 0.0
17.8072605671, 0.0, 0.0
17.8133427081, 0.0, 0.0
17.8194079787, 0.0, 0.0
17.8254564256, 0.0, 0.0
17.8314880956, 0.0, 0.0
17.8375030352, 0.0, 0.0
17.8435012907, 0.0, 0.0
17.8494829085, 0.0, 0.0
17.8554479347, 0.0, 0.0
17.8613964153, 0.0, 0.0
17.8673283962, 0.0, 0.0
17.8732439233, 0.0, 0.0
17.879143042, 0.0, 0.0
17.885025798, 0.0, 0.0
17.8908922366, 0.0, 0.0
17.8967424031, 0.0, 0.0
17.9025763427, 0.0, 0.0
17.9083941002, 0.0, 0.0
17.9141957207, 0.0, 0.0
17.9199812488, 0.0, 0.0
17.9257507293, 0.0, 0.0
17.9315042066, 0.0, 0.0
17.9372417251, 0.0, 0.0
17.942963329, 0.0, 0.0
17.9486690626, 0.0, 0.0
17.9543589699, 0.0, 0.0
17.9600330947, 0.0, 0.0
17.9656914808, 0.0, 0.0
17.9713341718, 0.0, 0.0
17.9769612114, 0.0, 0.0
17.9825726429, 0.0, 0.0
17.9881685097, 0.0, 0.0
17.9937488548, 0.0, 0.0
17.9993137213, 0.0, 0.0
18.0048631522, 0.0, 0.0
Checkpoint1
[[0]
 [0]
 [0]]
18.0103971904, 0.0, 0.0
18.0391416848, 0.0, 0.0
18.0892206324, 0.0, 0.0
18.1588915846, 0.0, 0.0
18.2465363123, 0.0, 0.0
18.3506521208, 0.0, 0.0
18.4466179646, 0.0, 0.0
18.5368906349, 0.0, 0.0
18.6236012241, 0.0, 0.0
18.7085888672, 0.0, 0.0
18.793431359, 0.0, 0.0
18.8794729192, 0.0, 0.0
18.9659733087, 0.0, 0.0
19.0524432875, 0.0, 0.0
19.1386005085, 0.0, 0.0
19.2243312509, 0.0, 0.0
19.3096573334, 0.0, 0.0
19.3947076081, 0.0, 0.0
19.4795419687, 0.0, 0.0
19.5641765217, 0.0, 0.0
19.6486034099, 0.0, 0.0
19.7328061377, 0.0, 0.0
19.8167711348, 0.0, 0.0
19.9004961952, 0.0, 0.0
19.9839840997, 0.0, 0.0
20.0672387236, 0.0, 0.0
20.150263024, 0.0, 0.0
20.2330584061, 0.0, 0.0
20.3156250705, 0.0, 0.0
20.3979630165, 0.0, 0.0
20.4800724593, 0.0, 0.0
20.5619539035, 0.0, 0.0
20.6436080477, 0.0, 0.0
20.725035646, 0.0, 0.0
20.8062374066, 0.0, 0.0
20.8872139787, 0.0, 0.0
20.9679659741, 0.0, 0.0
21.0484939934, 0.0, 0.0
21.1287986426, 0.0, 0.0
21.2088805371, 0.0, 0.0
21.2887402972, 0.0, 0.0
21.3683785431, 0.0, 0.0
21.4477958921, 0.0, 0.0
21.5269929578, 0.0, 0.0
21.6059703508, 0.0, 0.0
21.6847286795, 0.0, 0.0
21.763268551, 0.0, 0.0
21.8415905712, 0.0, 0.0
21.9196953444, 0.0, 0.0
21.9975834733, 0.0, 0.0
22.0752555591, 0.0, 0.0
22.1527122008, 0.0, 0.0
22.2299539962, 0.0, 0.0
22.3069815411, 0.0, 0.0
22.3837954298, 0.0, 0.0
22.4603962549, 0.0, 0.0
22.5367846074, 0.0, 0.0
22.6129610767, 0.0, 0.0
22.6889262505, 0.0, 0.0
22.7646807148, 0.0, 0.0
22.8402250541, 0.0, 0.0
22.9155598513, 0.0, 0.0
22.9906856876, 0.0, 0.0
23.0656031426, 0.0, 0.0
23.1403127942, 0.0, 0.0
23.2148152189, 0.0, 0.0
23.2891109915, 0.0, 0.0
23.3632006852, 0.0, 0.0
23.4370848716, 0.0, 0.0
23.5107641207, 0.0, 0.0
23.584239001, 0.0, 0.0
23.6575100793, 0.0, 0.0
23.730577921, 0.0, 0.0
23.8034430898, 0.0, 0.0
23.8761061478, 0.0, 0.0
23.9485676556, 0.0, 0.0
24.0208281724, 0.0, 0.0
24.0928882555, 0.0, 0.0
24.164748461, 0.0, 0.0
24.2364093433, 0.0, 0.0
24.3078714552, 0.0, 0.0
24.3791353481, 0.0, 0.0
24.4502015719, 0.0, 0.0
24.5210706747, 0.0, 0.0
24.5917432033, 0.0, 0.0
24.6622197031, 0.0, 0.0
24.7325007177, 0.0, 0.0
24.8025867894, 0.0, 0.0
24.8724784589, 0.0, 0.0
24.9421762654, 0.0, 0.0
25.0116807467, 0.0, 0.0
25.080992439, 0.0, 0.0
25.150111877, 0.0, 0.0
25.219039594, 0.0, 0.0
25.2877761219, 0.0, 0.0
25.3563219908, 0.0, 0.0
25.4246777297, 0.0, 0.0
25.492843866, 0.0, 0.0
25.5608209254, 0.0, 0.0
25.6286094326, 0.0, 0.0
25.6962099105, 0.0, 0.0
25.7636228807, 0.0, 0.0
25.8308488632, 0.0, 0.0
25.8978883767, 0.0, 0.0
25.9647419384, 0.0, 0.0
26.0314100642, 0.0, 0.0
26.0978932683, 0.0, 0.0
26.1641920637, 0.0, 0.0
26.230306962, 0.0, 0.0
26.2962384731, 0.0, 0.0
26.3619871058, 0.0, 0.0
26.4275533674, 0.0, 0.0
26.4929377636, 0.0, 0.0
26.5581407989, 0.0, 0.0
26.6231629765, 0.0, 0.0
26.6880047979, 0.0, 0.0
26.7526667634, 0.0, 0.0
26.8171493719, 0.0, 0.0
26.8814531209, 0.0, 0.0
26.9455785064, 0.0, 0.0
27.0095260234, 0.0, 0.0
27.073296165, 0.0, 0.0
27.1368894233, 0.0, 0.0
27.2003062889, 0.0, 0.0
27.2635472512, 0.0, 0.0
27.3266127979, 0.0, 0.0
27.3895034158, 0.0, 0.0
27.4522195899, 0.0, 0.0
27.5147618042, 0.0, 0.0
27.5771305411, 0.0, 0.0
27.6393262819, 0.0, 0.0
27.7013495065, 0.0, 0.0
27.7632006932, 0.0, 0.0
27.8248803194, 0.0, 0.0
27.8863888609, 0.0, 0.0
27.9477267922, 0.0, 0.0
28.0088945866, 0.0, 0.0
28.069892716, 0.0, 0.0
28.130721651, 0.0, 0.0
28.1913818609, 0.0, 0.0
28.2518738137, 0.0, 0.0
28.3121979762, 0.0, 0.0
28.3723548136, 0.0, 0.0
28.4323447903, 0.0, 0.0
28.4921683689, 0.0, 0.0
28.551826011, 0.0, 0.0
28.6113181769, 0.0, 0.0
28.6706453256, 0.0, 0.0
28.7298079149, 0.0, 0.0
28.788806401, 0.0, 0.0
28.8476412394, 0.0, 0.0
28.9063128838, 0.0, 0.0
28.9648217869, 0.0, 0.0
29.0231684001, 0.0, 0.0
29.0813531737, 0.0, 0.0
29.1393765564, 0.0, 0.0
29.197238996, 0.0, 0.0
29.2549409388, 0.0, 0.0
29.3124828301, 0.0, 0.0
29.3698651137, 0.0, 0.0
29.4270882325, 0.0, 0.0
29.4841526279, 0.0, 0.0
29.5410587401, 0.0, 0.0
29.5978070082, 0.0, 0.0
29.6543978701, 0.0, 0.0
29.7108317622, 0.0, 0.0
29.7671091201, 0.0, 0.0
29.8232303779, 0.0, 0.0
29.8791959686, 0.0, 0.0
29.9350063239, 0.0, 0.0
29.9906618745, 0.0, 0.0
30.0461630498, 0.0, 0.0
30.1015102779, 0.0, 0.0
30.1567039859, 0.0, 0.0
30.2117445996, 0.0, 0.0
30.2666325437, 0.0, 0.0
30.3213682415, 0.0, 0.0
30.3759521155, 0.0, 0.0
30.4303845867, 0.0, 0.0
30.4846660751, 0.0, 0.0
30.5387969995, 0.0, 0.0
30.5927777774, 0.0, 0.0
30.6466088255, 0.0, 0.0
30.7002905589, 0.0, 0.0
30.7538233919, 0.0, 0.0
30.8072077375, 0.0, 0.0
30.8604440075, 0.0, 0.0
30.9135326127, 0.0, 0.0
30.9664739627, 0.0, 0.0
31.0192684658, 0.0, 0.0
31.0719165295, 0.0, 0.0
31.1244185599, 0.0, 0.0
31.176774962, 0.0, 0.0
31.2289861399, 0.0, 0.0
31.2810524963, 0.0, 0.0
31.332974433, 0.0, 0.0
31.3847523504, 0.0, 0.0
31.4363866482, 0.0, 0.0
31.4878777246, 0.0, 0.0
31.5392259769, 0.0, 0.0
31.5904318013, 0.0, 0.0
31.6414955929, 0.0, 0.0
31.6924177456, 0.0, 0.0
31.7431986522, 0.0, 0.0
31.7938387046, 0.0, 0.0
31.8443382935, 0.0, 0.0
31.8946978085, 0.0, 0.0
31.944917638, 0.0, 0.0
31.9949981697, 0.0, 0.0
32.0449397897, 0.0, 0.0
32.0947428835, 0.0, 0.0
32.1444078353, 0.0, 0.0
32.1939350283, 0.0, 0.0
32.2433248445, 0.0, 0.0
32.2925776651, 0.0, 0.0
32.34169387, 0.0, 0.0
32.3906738381, 0.0, 0.0
32.4395179474, 0.0, 0.0
32.4882265746, 0.0, 0.0
32.5368000956, 0.0, 0.0
32.5852388852, 0.0, 0.0
32.633543317, 0.0, 0.0
32.6817137637, 0.0, 0.0
32.729750597, 0.0, 0.0
32.7776541875, 0.0, 0.0
32.8254249047, 0.0, 0.0
32.8730631173, 0.0, 0.0
32.9205691927, 0.0, 0.0
32.9679434975, 0.0, 0.0
33.0151863971, 0.0, 0.0
33.0622982561, 0.0, 0.0
33.109279438, 0.0, 0.0
33.1561303052, 0.0, 0.0
33.2028512191, 0.0, 0.0
33.2494425402, 0.0, 0.0
33.2959046281, 0.0, 0.0
33.342237841, 0.0, 0.0
33.3884425366, 0.0, 0.0
33.4345190713, 0.0, 0.0
33.4804678006, 0.0, 0.0
33.526289079, 0.0, 0.0
33.5719832599, 0.0, 0.0
33.617550696, 0.0, 0.0
33.6629917388, 0.0, 0.0
33.7083067389, 0.0, 0.0
33.7534960459, 0.0, 0.0
33.7985600085, 0.0, 0.0
33.8434989742, 0.0, 0.0
33.8883132899, 0.0, 0.0
33.9330033012, 0.0, 0.0
33.9775693531, 0.0, 0.0
34.0220117892, 0.0, 0.0
34.0663309525, 0.0, 0.0
34.1105271849, 0.0, 0.0
34.1546008275, 0.0, 0.0
34.1985522201, 0.0, 0.0
34.242381702, 0.0, 0.0
34.2860896113, 0.0, 0.0
34.3296762851, 0.0, 0.0
34.3731420598, 0.0, 0.0
34.4164872707, 0.0, 0.0
34.4597122523, 0.0, 0.0
34.502817338, 0.0, 0.0
34.5458028603, 0.0, 0.0
34.588669151, 0.0, 0.0
34.6314165407, 0.0, 0.0
34.6740453592, 0.0, 0.0
34.7165559355, 0.0, 0.0
34.7589485975, 0.0, 0.0
34.8012236723, 0.0, 0.0
34.843381486, 0.0, 0.0
34.8854223639, 0.0, 0.0
34.9273466303, 0.0, 0.0
34.9691546087, 0.0, 0.0
35.0108466217, 0.0, 0.0
35.0524229909, 0.0, 0.0
35.093884037, 0.0, 0.0
35.13523008, 0.0, 0.0
35.1764614389, 0.0, 0.0
35.2175784317, 0.0, 0.0
35.2585813757, 0.0, 0.0
35.2994705872, 0.0, 0.0
35.3402463817, 0.0, 0.0
35.3809090738, 0.0, 0.0
35.4214589772, 0.0, 0.0
35.4618964047, 0.0, 0.0
35.5022216684, 0.0, 0.0
35.5424350793, 0.0, 0.0
35.5825369477, 0.0, 0.0
35.622527583, 0.0, 0.0
35.6624072938, 0.0, 0.0
35.7021763876, 0.0, 0.0
35.7418351714, 0.0, 0.0
35.7813839511, 0.0, 0.0
35.8208230318, 0.0, 0.0
35.8601527179, 0.0, 0.0
35.8993733126, 0.0, 0.0
35.9384851187, 0.0, 0.0
35.977488438, 0.0, 0.0
36.0163835712, 0.0, 0.0
36.0551708185, 0.0, 0.0
36.0938504791, 0.0, 0.0
36.1324228516, 0.0, 0.0
36.1708882333, 0.0, 0.0
36.2092469212, 0.0, 0.0
36.2474992112, 0.0, 0.0
36.2856453983, 0.0, 0.0
36.3236857769, 0.0, 0.0
36.3616206406, 0.0, 0.0
36.3994502818, 0.0, 0.0
36.4371749926, 0.0, 0.0
36.474795064, 0.0, 0.0
36.5123107861, 0.0, 0.0
36.5497224485, 0.0, 0.0
36.5870303398, 0.0, 0.0
36.6242347479, 0.0, 0.0
36.6613359597, 0.0, 0.0
36.6983342615, 0.0, 0.0
36.7352299387, 0.0, 0.0
36.7720232761, 0.0, 0.0
36.8087145574, 0.0, 0.0
36.8453040658, 0.0, 0.0
36.8817920836, 0.0, 0.0
36.9181788922, 0.0, 0.0
36.9544647724, 0.0, 0.0
36.9906500042, 0.0, 0.0
37.0267348666, 0.0, 0.0
37.0627196382, 0.0, 0.0
37.0986045966, 0.0, 0.0
37.1343900185, 0.0, 0.0
37.1700761801, 0.0, 0.0
37.2056633568, 0.0, 0.0
37.241151823, 0.0, 0.0
37.2765418526, 0.0, 0.0
37.3118337187, 0.0, 0.0
37.3470276934, 0.0, 0.0
37.3821240484, 0.0, 0.0
37.4171230544, 0.0, 0.0
37.4520249814, 0.0, 0.0
37.4868300987, 0.0, 0.0
37.5215386749, 0.0, 0.0
37.5561509776, 0.0, 0.0
37.590667274, 0.0, 0.0
37.6250878304, 0.0, 0.0
37.6594129123, 0.0, 0.0
37.6936427845, 0.0, 0.0
37.7277777111, 0.0, 0.0
37.7618179555, 0.0, 0.0
37.7957637803, 0.0, 0.0
37.8296154474, 0.0, 0.0
37.863373218, 0.0, 0.0
37.8970373526, 0.0, 0.0
37.9306081107, 0.0, 0.0
37.9640857515, 0.0, 0.0
37.9974705333, 0.0, 0.0
38.0307627135, 0.0, 0.0
38.0639625492, 0.0, 0.0
38.0970702963, 0.0, 0.0
38.1300862103, 0.0, 0.0
38.163010546, 0.0, 0.0
38.1958435574, 0.0, 0.0
38.2285854978, 0.0, 0.0
38.2612366197, 0.0, 0.0
38.2937971752, 0.0, 0.0
38.3262674154, 0.0, 0.0
38.3586475908, 0.0, 0.0
38.3909379513, 0.0, 0.0
38.4231387459, 0.0, 0.0
38.4552502231, 0.0, 0.0
38.4872726307, 0.0, 0.0
38.5192062157, 0.0, 0.0
38.5510512244, 0.0, 0.0
38.5828079027, 0.0, 0.0
38.6144764954, 0.0, 0.0
38.6460572469, 0.0, 0.0
38.6775504009, 0.0, 0.0
38.7089562004, 0.0, 0.0
38.7402748875, 0.0, 0.0
38.771506704, 0.0, 0.0
38.8026518909, 0.0, 0.0
38.8337106883, 0.0, 0.0
38.864683336, 0.0, 0.0
38.8955700729, 0.0, 0.0
38.9263711373, 0.0, 0.0
38.9570867668, 0.0, 0.0
38.9877171984, 0.0, 0.0
39.0182626684, 0.0, 0.0
39.0487234125, 0.0, 0.0
39.0790996657, 0.0, 0.0
39.1093916624, 0.0, 0.0
39.1395996362, 0.0, 0.0
39.1697238202, 0.0, 0.0
39.1997644469, 0.0, 0.0
39.229721748, 0.0, 0.0
39.2595959546, 0.0, 0.0
39.2893872972, 0.0, 0.0
39.3190960056, 0.0, 0.0
39.3487223092, 0.0, 0.0
39.3782664363, 0.0, 0.0
39.4077286151, 0.0, 0.0
39.4371090727, 0.0, 0.0
39.4664080358, 0.0, 0.0
39.4956257306, 0.0, 0.0
39.5247623824, 0.0, 0.0
39.553818216, 0.0, 0.0
39.5827934556, 0.0, 0.0
39.6116883247, 0.0, 0.0
39.6405030463, 0.0, 0.0
39.6692378426, 0.0, 0.0
39.6978929355, 0.0, 0.0
39.7264685458, 0.0, 0.0
39.7549648942, 0.0, 0.0
39.7833822004, 0.0, 0.0
39.8117206838, 0.0, 0.0
39.8399805629, 0.0, 0.0
39.8681620557, 0.0, 0.0
39.8962653798, 0.0, 0.0
39.9242907519, 0.0, 0.0
39.9522383882, 0.0, 0.0
39.9801085044, 0.0, 0.0
40.0079013154, 0.0, 0.0
40.0356170358, 0.0, 0.0
40.0632558793, 0.0, 0.0
40.0908180592, 0.0, 0.0
40.1183037882, 0.0, 0.0
40.1457132782, 0.0, 0.0
40.1730467407, 0.0, 0.0
40.2003043867, 0.0, 0.0
40.2274864265, 0.0, 0.0
40.2545930696, 0.0, 0.0
40.2816245254, 0.0, 0.0
40.3085810023, 0.0, 0.0
40.3354627083, 0.0, 0.0
40.3622698507, 0.0, 0.0
40.3890026366, 0.0, 0.0
40.4156612719, 0.0, 0.0
40.4422459626, 0.0, 0.0
40.4687569135, 0.0, 0.0
40.4951943294, 0.0, 0.0
40.5215584141, 0.0, 0.0
40.5478493711, 0.0, 0.0
40.5740674032, 0.0, 0.0
40.6002127126, 0.0, 0.0
40.6262855011, 0.0, 0.0
40.6522859699, 0.0, 0.0
40.6782143196, 0.0, 0.0
40.7040707501, 0.0, 0.0
40.729855461, 0.0, 0.0
40.7555686512, 0.0, 0.0
40.781210519, 0.0, 0.0
40.8067812624, 0.0, 0.0
40.8322810786, 0.0, 0.0
40.8577101644, 0.0, 0.0
40.8830687158, 0.0, 0.0
40.9083569287, 0.0, 0.0
40.933574998, 0.0, 0.0
40.9587231183, 0.0, 0.0
40.9838014837, 0.0, 0.0
41.0088102877, 0.0, 0.0
41.0337497231, 0.0, 0.0
41.0586199824, 0.0, 0.0
41.0834212575, 0.0, 0.0
41.1081537398, 0.0, 0.0
41.1328176199, 0.0, 0.0
41.1574130883, 0.0, 0.0
41.1819403347, 0.0, 0.0
41.2063995483, 0.0, 0.0
41.2307909178, 0.0, 0.0
41.2551146314, 0.0, 0.0
41.2793708768, 0.0, 0.0
41.3035598411, 0.0, 0.0
41.3276817109, 0.0, 0.0
41.3517366724, 0.0, 0.0
41.3757249111, 0.0, 0.0
41.399646612, 0.0, 0.0
41.4235019599, 0.0, 0.0
41.4472911386, 0.0, 0.0
41.4710143318, 0.0, 0.0
41.4946717224, 0.0, 0.0
41.518263493, 0.0, 0.0
41.5417898257, 0.0, 0.0
41.5652509018, 0.0, 0.0
41.5886469025, 0.0, 0.0
41.6119780082, 0.0, 0.0
41.6352443989, 0.0, 0.0
41.6584462541, 0.0, 0.0
41.6815837529, 0.0, 0.0
41.7046570738, 0.0, 0.0
41.7276663946, 0.0, 0.0
41.7506118931, 0.0, 0.0
41.7734937462, 0.0, 0.0
41.7963121304, 0.0, 0.0
41.8190672218, 0.0, 0.0
41.841759196, 0.0, 0.0
41.864388228, 0.0, 0.0
41.8869544924, 0.0, 0.0
41.9094581634, 0.0, 0.0
41.9318994144, 0.0, 0.0
41.9542784188, 0.0, 0.0
41.976595349, 0.0, 0.0
41.9988503774, 0.0, 0.0
42.0210436756, 0.0, 0.0
42.0431754148, 0.0, 0.0
42.0652457658, 0.0, 0.0
42.0872548989, 0.0, 0.0
42.1092029839, 0.0, 0.0
42.13109019, 0.0, 0.0
42.1529166862, 0.0, 0.0
42.1746826409, 0.0, 0.0
42.1963882219, 0.0, 0.0
42.2180335968, 0.0, 0.0
42.2396189325, 0.0, 0.0
42.2611443956, 0.0, 0.0
42.2826101522, 0.0, 0.0
42.3040163679, 0.0, 0.0
42.3253632077, 0.0, 0.0
42.3466508365, 0.0, 0.0
42.3678794184, 0.0, 0.0
42.3890491172, 0.0, 0.0
42.4101600963, 0.0, 0.0
42.4312125185, 0.0, 0.0
42.4522065463, 0.0, 0.0
42.4731423417, 0.0, 0.0
42.494020066, 0.0, 0.0
42.5148398805, 0.0, 0.0
42.5356019458, 0.0, 0.0
42.5563064219, 0.0, 0.0
42.5769534688, 0.0, 0.0
42.5975432456, 0.0, 0.0
42.6180759113, 0.0, 0.0
42.6385516242, 0.0, 0.0
42.6589705423, 0.0, 0.0
42.6793328232, 0.0, 0.0
42.6996386239, 0.0, 0.0
42.7198881011, 0.0, 0.0
42.740081411, 0.0, 0.0
42.7602187095, 0.0, 0.0
42.7803001519, 0.0, 0.0
42.800325893, 0.0, 0.0
42.8202960876, 0.0, 0.0
42.8402108895, 0.0, 0.0
42.8600704524, 0.0, 0.0
42.8798749297, 0.0, 0.0
42.899624474, 0.0, 0.0
42.9193192377, 0.0, 0.0
42.9389593728, 0.0, 0.0
42.9585450308, 0.0, 0.0
42.9780763628, 0.0, 0.0
42.9975535195, 0.0, 0.0
43.0169766512, 0.0, 0.0
43.0363459077, 0.0, 0.0
43.0556614385, 0.0, 0.0
43.0749233926, 0.0, 0.0
43.0941319185, 0.0, 0.0
43.1132871645, 0.0, 0.0
43.1323892785, 0.0, 0.0
43.1514384076, 0.0, 0.0
43.170434699, 0.0, 0.0
43.1893782991, 0.0, 0.0
43.2082693542, 0.0, 0.0
43.22710801, 0.0, 0.0
43.2458944118, 0.0, 0.0
43.2646287045, 0.0, 0.0
43.2833110328, 0.0, 0.0
43.3019415407, 0.0, 0.0
43.3205203719, 0.0, 0.0
43.3390476699, 0.0, 0.0
43.3575235775, 0.0, 0.0
43.3759482373, 0.0, 0.0
43.3943217915, 0.0, 0.0
43.4126443818, 0.0, 0.0
43.4309161495, 0.0, 0.0
43.4491372357, 0.0, 0.0
43.4673077808, 0.0, 0.0
43.4854279252, 0.0, 0.0
43.5034978086, 0.0, 0.0
43.5215175704, 0.0, 0.0
43.5394873496, 0.0, 0.0
43.557407285, 0.0, 0.0
43.5752775146, 0.0, 0.0
43.5930981765, 0.0, 0.0
43.610869408, 0.0, 0.0
43.6285913464, 0.0, 0.0
43.6462641283, 0.0, 0.0
43.66388789, 0.0, 0.0
43.6814627677, 0.0, 0.0
43.6989888967, 0.0, 0.0
43.7164664124, 0.0, 0.0
43.7338954497, 0.0, 0.0
43.7512761429, 0.0, 0.0
43.7686086261, 0.0, 0.0
43.7858930332, 0.0, 0.0
43.8031294973, 0.0, 0.0
43.8203181517, 0.0, 0.0
43.8374591287, 0.0, 0.0
43.8545525607, 0.0, 0.0
43.8715985796, 0.0, 0.0
43.8885973168, 0.0, 0.0
43.9055489036, 0.0, 0.0
43.9224534707, 0.0, 0.0
43.9393111485, 0.0, 0.0
43.9561220671, 0.0, 0.0
43.9728863562, 0.0, 0.0
43.9896041451, 0.0, 0.0
44.0062755628, 0.0, 0.0
44.0229007379, 0.0, 0.0
44.0394797987, 0.0, 0.0
44.0560128731, 0.0, 0.0
44.0725000887, 0.0, 0.0
44.0889415727, 0.0, 0.0
44.1053374518, 0.0, 0.0
44.1216878527, 0.0, 0.0
44.1379929014, 0.0, 0.0
44.1542527237, 0.0, 0.0
44.1704674452, 0.0, 0.0
44.1866371908, 0.0, 0.0
44.2027620854, 0.0, 0.0
44.2188422534, 0.0, 0.0
44.2348778188, 0.0, 0.0
44.2508689052, 0.0, 0.0
44.2668156362, 0.0, 0.0
44.2827181348, 0.0, 0.0
44.2985765235, 0.0, 0.0
44.3143909249, 0.0, 0.0
44.3301614608, 0.0, 0.0
44.345888253, 0.0, 0.0
44.3615714228, 0.0, 0.0
44.3772110912, 0.0, 0.0
44.3928073788, 0.0, 0.0
44.408360406, 0.0, 0.0
44.4238702928, 0.0, 0.0
44.4393371588, 0.0, 0.0
44.4547611234, 0.0, 0.0
44.4701423056, 0.0, 0.0
44.485480824, 0.0, 0.0
44.500776797, 0.0, 0.0
44.5160303426, 0.0, 0.0
44.5312415784, 0.0, 0.0
44.5464106219, 0.0, 0.0
44.56153759, 0.0, 0.0
44.5766225995, 0.0, 0.0
44.5916657667, 0.0, 0.0
44.6066672078, 0.0, 0.0
44.6216270384, 0.0, 0.0
44.6365453739, 0.0, 0.0
44.6514223295, 0.0, 0.0
44.66625802, 0.0, 0.0
44.6810525598, 0.0, 0.0
44.695806063, 0.0, 0.0
44.7105186434, 0.0, 0.0
44.7251904147, 0.0, 0.0
44.7398214899, 0.0, 0.0
44.754411982, 0.0, 0.0
44.7689620035, 0.0, 0.0
44.7834716667, 0.0, 0.0
44.7979410835, 0.0, 0.0
44.8123703655, 0.0, 0.0
44.8267596242, 0.0, 0.0
44.8411089704, 0.0, 0.0
44.855418515, 0.0, 0.0
44.8696883682, 0.0, 0.0
44.8839186403, 0.0, 0.0
44.8981094409, 0.0, 0.0
44.9122608796, 0.0, 0.0
44.9263730656, 0.0, 0.0
44.9404461077, 0.0, 0.0
44.9544801145, 0.0, 0.0
44.9684751943, 0.0, 0.0
44.982431455, 0.0, 0.0
44.9963490044, 0.0, 0.0
45.0102279498, 0.0, 0.0
45.0240683982, 0.0, 0.0
45.0378704566, 0.0, 0.0
45.0516342313, 0.0, 0.0
45.0653598285, 0.0, 0.0
45.0790473541, 0.0, 0.0
45.0926969138, 0.0, 0.0
45.1063086129, 0.0, 0.0
45.1198825563, 0.0, 0.0
45.1334188488, 0.0, 0.0
45.1469175948, 0.0, 0.0
45.1603788985, 0.0, 0.0
45.1738028637, 0.0, 0.0
45.187189594, 0.0, 0.0
45.2005391927, 0.0, 0.0
45.2138517628, 0.0, 0.0
45.2271274069, 0.0, 0.0
45.2403662275, 0.0, 0.0
45.2535683268, 0.0, 0.0
45.2667338066, 0.0, 0.0
45.2798627684, 0.0, 0.0
45.2929553136, 0.0, 0.0
45.3060115432, 0.0, 0.0
45.3190315579, 0.0, 0.0
45.3320154581, 0.0, 0.0
45.3449633441, 0.0, 0.0
45.3578753156, 0.0, 0.0
45.3707514725, 0.0, 0.0
45.3835919139, 0.0, 0.0
45.396396739, 0.0, 0.0
45.4091660465, 0.0, 0.0
45.4218999349, 0.0, 0.0
45.4345985026, 0.0, 0.0
45.4472618474, 0.0, 0.0
45.4598900671, 0.0, 0.0
45.4724832592, 0.0, 0.0
45.4850415206, 0.0, 0.0
45.4975649485, 0.0, 0.0
45.5100536393, 0.0, 0.0
45.5225076894, 0.0, 0.0
45.5349271949, 0.0, 0.0
45.5473122517, 0.0, 0.0
45.5596629552, 0.0, 0.0
45.5719794008, 0.0, 0.0
45.5842616835, 0.0, 0.0
45.5965098981, 0.0, 0.0
45.6087241389, 0.0, 0.0
45.6209045004, 0.0, 0.0
45.6330510765, 0.0, 0.0
45.6451639608, 0.0, 0.0
45.6572432468, 0.0, 0.0
45.6692890277, 0.0, 0.0
45.6813013965, 0.0, 0.0
45.6932804458, 0.0, 0.0
45.7052262681, 0.0, 0.0
45.7171389554, 0.0, 0.0
45.7290185998, 0.0, 0.0
45.7408652929, 0.0, 0.0
45.7526791261, 0.0, 0.0
45.7644601904, 0.0, 0.0
45.7762085769, 0.0, 0.0
45.7879243761, 0.0, 0.0
45.7996076785, 0.0, 0.0
45.8112585741, 0.0, 0.0
45.8228771529, 0.0, 0.0
45.8344635046, 0.0, 0.0
45.8460177184, 0.0, 0.0
45.8575398835, 0.0, 0.0
45.8690300889, 0.0, 0.0
45.8804884232, 0.0, 0.0
45.8919149748, 0.0, 0.0
45.9033098318, 0.0, 0.0
45.9146730822, 0.0, 0.0
45.9260048136, 0.0, 0.0
45.9373051135, 0.0, 0.0
45.948574069, 0.0, 0.0
45.9598117671, 0.0, 0.0
45.9710182944, 0.0, 0.0
45.9821937375, 0.0, 0.0
45.9933381826, 0.0, 0.0
46.0044517156, 0.0, 0.0
46.0155344223, 0.0, 0.0
46.0265863882, 0.0, 0.0
46.0376076986, 0.0, 0.0
46.0485984384, 0.0, 0.0
46.0595586925, 0.0, 0.0
46.0704885455, 0.0, 0.0
46.0813880816, 0.0, 0.0
46.092257385, 0.0, 0.0
46.1030965395, 0.0, 0.0
46.1139056288, 0.0, 0.0
46.1246847362, 0.0, 0.0
46.1354339449, 0.0, 0.0
46.1461533379, 0.0, 0.0
46.1568429978, 0.0, 0.0
46.1675030071, 0.0, 0.0
46.178133448, 0.0, 0.0
46.1887344026, 0.0, 0.0
46.1993059527, 0.0, 0.0
46.2098481798, 0.0, 0.0
46.2203611652, 0.0, 0.0
46.2308449901, 0.0, 0.0
46.2412997354, 0.0, 0.0
46.2517254817, 0.0, 0.0
46.2621223094, 0.0, 0.0
46.2724902987, 0.0, 0.0
46.2828295297, 0.0, 0.0
46.2931400822, 0.0, 0.0
46.3034220356, 0.0, 0.0
46.3136754692, 0.0, 0.0
46.3239004623, 0.0, 0.0
46.3340970937, 0.0, 0.0
46.344265442, 0.0, 0.0
46.3544055857, 0.0, 0.0
46.3645176031, 0.0, 0.0
46.3746015721, 0.0, 0.0
46.3846575706, 0.0, 0.0
46.3946856761, 0.0, 0.0
46.404685966, 0.0, 0.0
46.4146585175, 0.0, 0.0
46.4246034075, 0.0, 0.0
46.4345207126, 0.0, 0.0
46.4444105096, 0.0, 0.0
46.4542728746, 0.0, 0.0
46.4641078837, 0.0, 0.0
46.4739156128, 0.0, 0.0
46.4836961376, 0.0, 0.0
46.4934495335, 0.0, 0.0
46.5031758758, 0.0, 0.0
46.5128752395, 0.0, 0.0
46.5225476995, 0.0, 0.0
46.5321933304, 0.0, 0.0
46.5418122066, 0.0, 0.0
46.5514044023, 0.0, 0.0
46.5609699915, 0.0, 0.0
46.570509048, 0.0, 0.0
46.5800216454, 0.0, 0.0
46.5895078572, 0.0, 0.0
46.5989677564, 0.0, 0.0
46.6084014161, 0.0, 0.0
46.617808909, 0.0, 0.0
46.6271903078, 0.0, 0.0
46.6365456848, 0.0, 0.0
46.6458751122, 0.0, 0.0
46.655178662, 0.0, 0.0
46.664456406, 0.0, 0.0
46.6737084156, 0.0, 0.0
46.6829347624, 0.0, 0.0
46.6921355175, 0.0, 0.0
46.7013107518, 0.0, 0.0
46.7104605362, 0.0, 0.0
46.7195849413, 0.0, 0.0
46.7286840374, 0.0, 0.0
46.7377578948, 0.0, 0.0
46.7468065835, 0.0, 0.0
46.7558301732, 0.0, 0.0
46.7648287336, 0.0, 0.0
46.7738023342, 0.0, 0.0
46.7827510441, 0.0, 0.0
46.7916749324, 0.0, 0.0
46.8005740679, 0.0, 0.0
46.8094485193, 0.0, 0.0
46.8182983551, 0.0, 0.0
46.8271236436, 0.0, 0.0
46.8359244528, 0.0, 0.0
46.8447008506, 0.0, 0.0
46.8534529048, 0.0, 0.0
46.8621806828, 0.0, 0.0
46.870884252, 0.0, 0.0
46.8795636796, 0.0, 0.0
46.8882190326, 0.0, 0.0
46.8968503776, 0.0, 0.0
46.9054577813, 0.0, 0.0
46.9140413101, 0.0, 0.0
46.9226010302, 0.0, 0.0
46.9311370077, 0.0, 0.0
46.9396493084, 0.0, 0.0
46.948137998, 0.0, 0.0
46.9566031419, 0.0, 0.0
46.9650448056, 0.0, 0.0
46.9734630541, 0.0, 0.0
46.9818579523, 0.0, 0.0
46.9902295651, 0.0, 0.0
46.998577957, 0.0, 0.0
47.0069031924, 0.0, 0.0
47.0152053356, 0.0, 0.0
47.0234844507, 0.0, 0.0
47.0317406014, 0.0, 0.0
47.0399738515, 0.0, 0.0
47.0481842645, 0.0, 0.0
47.0563719037, 0.0, 0.0
47.0645368324, 0.0, 0.0
47.0726791135, 0.0, 0.0
47.0807988099, 0.0, 0.0
47.0888959841, 0.0, 0.0
47.0969706987, 0.0, 0.0
47.1050230159, 0.0, 0.0
47.1130529979, 0.0, 0.0
47.1210607066, 0.0, 0.0
47.1290462039, 0.0, 0.0
47.1370095512, 0.0, 0.0
47.1449508101, 0.0, 0.0
47.1528700419, 0.0, 0.0
47.1607673075, 0.0, 0.0
47.168642668, 0.0, 0.0
47.1764961842, 0.0, 0.0
47.1843279165, 0.0, 0.0
47.1921379254, 0.0, 0.0
47.1999262713, 0.0, 0.0
47.2076930141, 0.0, 0.0
47.2154382138, 0.0, 0.0
47.2231619301, 0.0, 0.0
47.2308642227, 0.0, 0.0
47.2385451509, 0.0, 0.0
47.2462047741, 0.0, 0.0
47.2538431512, 0.0, 0.0
47.2614603413, 0.0, 0.0
47.2690564032, 0.0, 0.0
47.2766313953, 0.0, 0.0
47.2841853762, 0.0, 0.0
47.2917184042, 0.0, 0.0
47.2992305373, 0.0, 0.0
47.3067218335, 0.0, 0.0
47.3141923507, 0.0, 0.0
47.3216421464, 0.0, 0.0
47.3290712781, 0.0, 0.0
47.3364798032, 0.0, 0.0
47.3438677788, 0.0, 0.0
47.3512352618, 0.0, 0.0
47.3585823092, 0.0, 0.0
47.3659089777, 0.0, 0.0
47.3732153237, 0.0, 0.0
47.3805014036, 0.0, 0.0
47.3877672737, 0.0, 0.0
47.3950129899, 0.0, 0.0
47.4022386083, 0.0, 0.0
47.4094441844, 0.0, 0.0
47.4166297741, 0.0, 0.0
47.4237954326, 0.0, 0.0
47.4309412152, 0.0, 0.0
47.4380671771, 0.0, 0.0
47.4451733734, 0.0, 0.0
47.4522598586, 0.0, 0.0
47.4593266877, 0.0, 0.0
47.4663739151, 0.0, 0.0
47.4734015951, 0.0, 0.0
47.4804097819, 0.0, 0.0
47.4873985298, 0.0, 0.0
47.4943678925, 0.0, 0.0
47.5013179238, 0.0, 0.0
47.5082486774, 0.0, 0.0
47.5151602067, 0.0, 0.0
47.522052565, 0.0, 0.0
47.5289258056, 0.0, 0.0
47.5357799815, 0.0, 0.0
47.5426151454, 0.0, 0.0
47.5494313503, 0.0, 0.0
47.5562286486, 0.0, 0.0
47.5630070928, 0.0, 0.0
47.5697667352, 0.0, 0.0
47.576507628, 0.0, 0.0
47.5832298231, 0.0, 0.0
47.5899333724, 0.0, 0.0
47.5966183277, 0.0, 0.0
47.6032847404, 0.0, 0.0
47.6099326622, 0.0, 0.0
47.6165621441, 0.0, 0.0
47.6231732375, 0.0, 0.0
47.6297659932, 0.0, 0.0
47.6363404622, 0.0, 0.0
47.6428966952, 0.0, 0.0
47.6494347427, 0.0, 0.0
47.6559546552, 0.0, 0.0
47.6624564831, 0.0, 0.0
47.6689402764, 0.0, 0.0
47.6754060852, 0.0, 0.0
47.6818539593, 0.0, 0.0
47.6882839486, 0.0, 0.0
47.6946961026, 0.0, 0.0
47.7010904708, 0.0, 0.0
47.7074671026, 0.0, 0.0
47.7138260471, 0.0, 0.0
47.7201673533, 0.0, 0.0
47.7264910703, 0.0, 0.0
47.7327972468, 0.0, 0.0
47.7390859314, 0.0, 0.0
47.7453571728, 0.0, 0.0
47.7516110191, 0.0, 0.0
47.7578475188, 0.0, 0.0
47.7640667199, 0.0, 0.0
47.7702686704, 0.0, 0.0
47.7764534182, 0.0, 0.0
47.7826210109, 0.0, 0.0
47.7887714962, 0.0, 0.0
47.7949049215, 0.0, 0.0
47.8010213342, 0.0, 0.0
47.8071207813, 0.0, 0.0
47.81320331, 0.0, 0.0
47.8192689673, 0.0, 0.0
47.8253177998, 0.0, 0.0
47.8313498543, 0.0, 0.0
47.8373651773, 0.0, 0.0
47.8433638152, 0.0, 0.0
47.8493458143, 0.0, 0.0
47.8553112208, 0.0, 0.0
47.8612600806, 0.0, 0.0
47.8671924397, 0.0, 0.0
47.8731083439, 0.0, 0.0
47.8790078387, 0.0, 0.0
47.8848909697, 0.0, 0.0
47.8907577823, 0.0, 0.0
47.8966083217, 0.0, 0.0
47.9024426332, 0.0, 0.0
47.9082607616, 0.0, 0.0
47.9140627519, 0.0, 0.0
47.9198486489, 0.0, 0.0
47.9256184971, 0.0, 0.0
47.9313723412, 0.0, 0.0
47.9371102255, 0.0, 0.0
47.9428321942, 0.0, 0.0
47.9485382915, 0.0, 0.0
47.9542285615, 0.0, 0.0
47.959903048, 0.0, 0.0
47.9655617948, 0.0, 0.0
47.9712048456, 0.0, 0.0
47.9768322439, 0.0, 0.0
47.9824440332, 0.0, 0.0
47.9880402566, 0.0, 0.0
47.9936209575, 0.0, 0.0
47.9991861788, 0.0, 0.0
48.0047359635, 0.0, 0.0
Checkpoint1
[[0]
 [0]
 [0]]
Last station
